== Bucles ==
 MAX  iteraciones  t_filas  t_columnas  columnas/filas
 500     250000.0 0.000291    0.000596        2.046192
1000    1000000.0 0.001617    0.018807       11.628684
2000    4000000.0 0.007671    0.084106       10.963596
3000    9000000.0 0.011827    0.205263       17.355290
4000   16000000.0 0.019937    0.403702       20.248630

== Clasica ==
   n    tiempo
 100  0.001347
 200  0.012988
 300  0.041706
 400  0.134013
 500  0.357796
 600  2.646560
 800  9.508563
1000 16.297600

== Bloques ==
bloque        16        32        64       128    clasica
n                                                        
100     0.001149  0.001312  0.001597  0.001542   0.001347
200     0.011102  0.011784  0.011907  0.011731   0.012988
300     0.036344  0.039608  0.039638  0.038164   0.041706
400     0.094887  0.103230  0.093357  0.100525   0.134013
500     0.180303  0.190646  0.182685  0.188341   0.357796
600     0.336663  0.351236  0.348980  0.335380   2.646560
800     1.112330  1.155300  0.888161  0.925222   9.508563
1000    2.018940  1.494670  1.522417  1.738310  16.297600
