== Bucles ==
 MAX  iteraciones  t_filas  t_columnas  columnas/filas
 500     250000.0 0.000302    0.000297        0.980553
1000    1000000.0 0.001300    0.003081        2.370410
2000    4000000.0 0.005046    0.034667        6.870257
3000    9000000.0 0.011032    0.087234        7.907376
4000   16000000.0 0.019546    0.170422        8.719054

== Clasica ==
   n   tiempo
 100 0.000904
 200 0.008210
 300 0.027903
 400 0.069565
 500 0.130261
 600 0.229985
 800 0.610001
1000 2.804527

== Bloques ==
bloque        16        32        64       128   clasica
n                                                       
100     0.000853  0.000862  0.000846  0.000931  0.000904
200     0.007317  0.007284  0.007568  0.007790  0.008210
300     0.023664  0.023698  0.024293  0.026816  0.027903
400     0.058607  0.060869  0.065255  0.067629  0.069565
500     0.110018  0.107837  0.113976  0.126435  0.130261
600     0.193793  0.193939  0.208618  0.221142  0.229985
800     0.500432  0.533351  0.540999  0.568954  0.610001
1000    0.934342  0.907927  0.960151  1.033037  2.804527
